1767097482607 0.97291 0
1767097489231 0.80764 1
1767097492194 0.66356 2
1767097495170 0.62079 3
1767097497929 0.56064 4
1767097500596 0.57903 5
1767097503078 0.53115 6
1767097505712 0.57146 7
1767097508237 0.54127 8
1767097510855 0.5841 9
1767097513630 0.60139 10
1767097516657 0.55227 11
1767097519411 0.58285 12
1767097521979 0.55445 13
1767097524433 0.56211 14
1767097526999 0.57878 15
1767097529596 0.5416 16
1767097532128 0.54936 17
1767097534665 0.53158 18
1767097537343 0.50956 19
1767097540139 0.50911 20
1767097542719 0.53337 21
1767097545215 0.53173 22
1767097548367 0.44197 23
1767097550956 0.45116 24
1767097553560 0.48735 25
1767097556146 0.47619 26
1767097558765 0.39914 27
1767097561516 0.50289 28
1767097564124 0.45896 29
1767097566639 0.48868 30
1767097569097 0.47147 31
1767097571592 0.45318 32
1767097574099 0.46144 33
1767097576662 0.42247 34
1767097579270 0.47981 35
1767097582012 0.41984 36
1767097584620 0.43299 37
1767097587221 0.37838 38
1767097589914 0.38238 39
1767097593104 0.31734 40
1767097595526 0.27879 41
1767097598336 0.28551 42
1767097601164 0.27757 43
1767097604001 0.27758 44
1767097606701 0.28969 45
1767097609423 0.27106 46
1767097611921 0.26528 47
1767097614454 0.25927 48
1767097616860 0.24416 49
