1767097482607 3.14163 0
1767097489231 3.01866 1
1767097492194 2.8643 2
1767097495170 2.70268 3
1767097497929 2.48163 4
1767097500596 2.22336 5
1767097503078 2.08114 6
1767097505712 1.91815 7
1767097508237 1.77497 8
1767097510855 1.53676 9
1767097513630 1.44712 10
1767097516657 1.2314 11
1767097519411 1.23604 12
1767097521979 1.10099 13
1767097524433 0.95283 14
1767097526999 0.96394 15
1767097529596 0.88847 16
1767097532128 0.83078 17
1767097534665 0.79543 18
1767097537343 0.84066 19
1767097540139 0.78396 20
1767097542719 0.82947 21
1767097545215 0.78878 22
1767097548367 0.72247 23
1767097550956 0.75948 24
1767097553560 0.75373 25
1767097556146 0.72271 26
1767097558765 0.65704 27
1767097561516 0.74405 28
1767097564124 0.66862 29
1767097566639 0.71012 30
1767097569097 0.71458 31
1767097571592 0.65542 32
1767097574099 0.68527 33
1767097576662 0.63153 34
1767097579270 0.66723 35
1767097582012 0.61996 36
1767097584620 0.65549 37
1767097587221 0.60494 38
1767097589914 0.62683 39
1767097593104 0.77726 40
1767097595526 0.65721 41
1767097598336 0.66707 42
1767097601164 0.61857 43
1767097604001 0.60033 44
1767097606701 0.63042 45
1767097609423 0.62282 46
1767097611921 0.61941 47
1767097614454 0.61688 48
1767097616860 0.61943 49
