1767097482607 1.1993 0
1767097489231 1.0643 1
1767097492194 0.99921 2
1767097495170 0.95515 3
1767097497929 0.90748 4
1767097500596 0.90961 5
1767097503078 0.91544 6
1767097505712 0.91811 7
1767097508237 0.89012 8
1767097510855 0.90888 9
1767097513630 0.90741 10
1767097516657 0.91237 11
1767097519411 0.93311 12
1767097521979 0.92998 13
1767097524433 0.92622 14
1767097526999 0.92793 15
1767097529596 0.90312 16
1767097532128 0.88279 17
1767097534665 0.88846 18
1767097537343 0.89713 19
1767097540139 0.86491 20
1767097542719 0.90742 21
1767097545215 0.88798 22
1767097548367 0.86498 23
1767097550956 0.86965 24
1767097553560 0.88046 25
1767097556146 0.88153 26
1767097558765 0.85379 27
1767097561516 0.90712 28
1767097564124 0.87364 29
1767097566639 0.89918 30
1767097569097 0.87332 31
1767097571592 0.86684 32
1767097574099 0.88009 33
1767097576662 0.85192 34
1767097579270 0.86756 35
1767097582012 0.86337 36
1767097584620 0.84993 37
1767097587221 0.85084 38
1767097589914 0.85175 39
1767097593104 0.80175 40
1767097595526 0.79315 41
1767097598336 0.8161 42
1767097601164 0.802 43
1767097604001 0.78533 44
1767097606701 0.82716 45
1767097609423 0.80698 46
1767097611921 0.81551 47
1767097614454 0.79712 48
1767097616860 0.7955 49
