1767097482607 3.334e-05 0
1767097489231 8.169967e-05 1
1767097492194 0.000128078944 2
1767097495170 0.000172477822 3
1767097497929 0.00021489630400000002 4
1767097500596 0.00025533439000000003 5
1767097503078 0.00029379208 6
1767097505712 0.00033026937400000003 7
1767097508237 0.00036476627200000004 8
1767097510855 0.0003972827740000001 9
1767097513630 0.00042781888000000006 10
1767097516657 0.00045637459 11
1767097519411 0.000482949904 12
1767097521979 0.000507544822 13
1767097524433 0.000530159344 14
1767097526999 0.00055079347 15
1767097529596 0.0005694472 16
1767097532128 0.0005861205339999999 17
1767097534665 0.0006008134720000001 18
1767097537343 0.000613526014 19
1767097540139 0.0006242581599999999 20
1767097542719 0.0006330099100000001 21
1767097545215 0.0006397812640000001 22
1767097548367 0.0006445722220000001 23
1767097550956 0.0006473827840000001 24
1767097553560 0.00064821295 25
1767097556146 0.00064706272 26
1767097558765 0.000643932094 27
1767097561516 0.000638821072 28
1767097564124 0.0006317296540000001 29
1767097566639 0.0006226578400000001 30
1767097569097 0.00061160563 31
1767097571592 0.000598573024 32
1767097574099 0.0005777822 33
1767097576662 0.0005447756 34
1767097579270 0.0005117690000000001 35
1767097582012 0.00047876240000000006 36
1767097584620 0.00044575580000000005 37
1767097587221 0.0004127492 38
1767097589914 0.00037974259999999996 39
1767097593104 0.00034673599999999994 40
1767097595526 0.00031372940000000014 41
1767097598336 0.00028072280000000007 42
1767097601164 0.00024771620000000005 43
1767097604001 0.0002147096 44
1767097606701 0.00018170299999999996 45
1767097609423 0.00014869639999999995 46
1767097611921 0.00011568980000000008 47
1767097614454 8.268320000000008e-05 48
1767097616860 4.967660000000004e-05 49
