1767097486948 0.70922 0
1767097489807 0.7895 1
1767097492848 0.7851 2
1767097495817 0.65583 3
1767097498508 0.57483 4
1767097501118 0.60044 5
1767097503632 0.68076 6
1767097506258 0.66838 7
1767097508775 0.72144 8
1767097511385 0.81336 9
1767097514233 0.82822 10
1767097517292 0.84967 11
1767097519919 0.8098 12
1767097522504 0.80138 13
1767097525006 0.84612 14
1767097527517 0.83771 15
1767097530149 0.81284 16
1767097532721 0.85857 17
1767097535249 0.82527 18
1767097538110 0.82527 19
1767097540712 0.85416 20
1767097543279 0.84173 21
1767097545785 0.81427 22
1767097548947 0.8199 23
1767097551529 0.81427 24
1767097554125 0.83622 25
1767097556715 0.88735 26
1767097559470 0.88735 27
1767097562066 0.88735 28
1767097564715 0.8874 29
1767097567234 0.87502 30
1767097569697 0.8377 31
1767097572112 0.8377 32
1767097574667 0.8666 33
1767097577284 0.88747 34
1767097579955 0.92893 35
1767097582557 0.92893 36
1767097585246 0.92593 37
1767097587840 0.91356 38
1767097590586 0.91356 39
1767097593676 0.91356 40
1767097596218 0.91635 41
1767097598969 0.88881 42
1767097601844 0.88881 43
1767097604638 0.88881 44
1767097607425 0.91635 45
1767097610114 0.92472 46
1767097612619 0.92472 47
1767097614979 0.92472 48
1767097617541 0.92472 49
1767097621583 0.9289313172043011 49
