1767097486948 0.78792 0
1767097489807 0.874 1
1767097492848 0.874 2
1767097495817 0.74667 3
1767097498508 0.65238 4
1767097501118 0.66417 5
1767097503632 0.72563 6
1767097506258 0.72563 7
1767097508775 0.81821 8
1767097511385 0.90071 9
1767097514233 0.929 10
1767097517292 0.929 11
1767097519919 0.929 12
1767097522504 0.929 13
1767097525006 0.995 14
1767097527517 0.995 15
1767097530149 0.995 16
1767097532721 0.995 17
1767097535249 0.995 18
1767097538110 0.995 19
1767097540712 0.995 20
1767097543279 0.995 21
1767097545785 0.995 22
1767097548947 0.995 23
1767097551529 0.995 24
1767097554125 0.995 25
1767097556715 0.995 26
1767097559470 0.995 27
1767097562066 0.995 28
1767097564715 0.995 29
1767097567234 0.995 30
1767097569697 0.995 31
1767097572112 0.995 32
1767097574667 0.995 33
1767097577284 0.995 34
1767097579955 0.995 35
1767097582557 0.995 36
1767097585246 0.995 37
1767097587840 0.995 38
1767097590586 0.995 39
1767097593676 0.995 40
1767097596218 0.995 41
1767097598969 0.995 42
1767097601844 0.995 43
1767097604638 0.995 44
1767097607425 0.995 45
1767097610114 0.995 46
1767097612619 0.995 47
1767097614979 0.995 48
1767097617541 0.995 49
1767097621583 0.995 49
