1767097486948 0.0083 0
1767097489807 0.00826 1
1767097492848 0.00834 2
1767097495817 0.0086 3
1767097498508 0.00863 4
1767097501118 0.00881 5
1767097503632 0.00924 6
1767097506258 0.0092 7
1767097508775 0.00954 8
1767097511385 0.00957 9
1767097514233 0.0094 10
1767097517292 0.49985 11
1767097519919 0.90395 12
1767097522504 0.90152 13
1767097525006 0.8723 14
1767097527517 0.86572 15
1767097530149 0.85693 16
1767097532721 0.85556 17
1767097535249 0.85692 18
1767097538110 0.88207 19
1767097540712 0.91527 20
1767097543279 0.96135 21
1767097545785 0.96765 22
1767097548947 0.94613 23
1767097551529 0.90227 24
1767097554125 0.88578 25
1767097556715 0.90771 26
1767097559470 0.94558 27
1767097562066 0.94558 28
1767097564715 0.91499 29
1767097567234 0.89941 30
1767097569697 0.89662 31
1767097572112 0.89662 32
1767097574667 0.88782 33
1767097577284 0.84521 34
1767097579955 0.84785 35
1767097582557 0.84785 36
1767097585246 0.80812 37
1767097587840 0.83672 38
1767097590586 0.84363 39
1767097593676 0.84363 40
1767097596218 0.88357 41
1767097598969 0.92747 42
1767097601844 0.9532 43
1767097604638 0.9532 44
1767097607425 0.96634 45
1767097610114 0.96941 46
1767097612619 0.9645 47
1767097614979 0.9645 48
1767097617541 0.96306 49
1767097621583 0.8489337432669829 49
