1767097486948 1.0 0
1767097489807 1.0 1
1767097492848 1.0 2
1767097495817 1.0 3
1767097498508 1.0 4
1767097501118 1.0 5
1767097503632 1.0 6
1767097506258 1.0 7
1767097508775 1.0 8
1767097511385 1.0 9
1767097514233 1.0 10
1767097517292 0.97062 11
1767097519919 0.81488 12
1767097522504 0.74591 13
1767097525006 0.82108 14
1767097527517 0.8948 15
1767097530149 0.92714 16
1767097532721 0.90695 17
1767097535249 0.95005 18
1767097538110 0.97151 19
1767097540712 0.9784 20
1767097543279 0.99524 21
1767097545785 1.0 22
1767097548947 1.0 23
1767097551529 1.0 24
1767097554125 1.0 25
1767097556715 1.0 26
1767097559470 0.97305 27
1767097562066 0.97305 28
1767097564715 0.97099 29
1767097567234 0.97369 30
1767097569697 0.98071 31
1767097572112 0.98071 32
1767097574667 0.99138 33
1767097577284 1.0 34
1767097579955 0.8746 35
1767097582557 0.8746 36
1767097585246 0.94862 37
1767097587840 0.96868 38
1767097590586 1.0 39
1767097593676 1.0 40
1767097596218 1.0 41
1767097598969 1.0 42
1767097601844 1.0 43
1767097604638 1.0 44
1767097607425 1.0 45
1767097610114 1.0 46
1767097612619 1.0 47
1767097614979 1.0 48
1767097617541 1.0 49
1767097621583 0.8770932488824461 49
